logfile,start_timestamp,end_timestamp,instance_id,instance_type,qubo_vars,success,sol_time,obj_from_QPU_sol,classic_solver,classic_solver_params,backend_name,sampler_shots,est_shots
./run_logs/ibm-sim/sim_bobyqa1000_p3_ibmq_qasm_simulator_2.0.1_1698434478.602475_0001.json,1698434478.649422,1698435262.642524,MWC157,MWC,5,True,783.9931020736694,9.780941902881452,BOBYQA,{'maxiter': 150},ibmq_qasm_simulator,1000.0,1000.0
./run_logs/ibm-sim/sim_bobyqa1000_p3_iter50_ibmq_qasm_simulator_2.0.1_1699912892.569392_0002.json,1699912913.288144,1699913178.069659,MWC158,MWC,5,True,264.7815148830414,7.310160973629428,BOBYQA,{'maxiter': 50},ibmq_qasm_simulator,1000.0,1000.0
./run_logs/ibm-sim/sim_bobyqa1000_p3_iter50_ibmq_qasm_simulator_2.0.1_1699912892.569392_0003.json,1699913178.085375,1699913432.901537,MWC159,MWC,5,True,254.8161618709564,29.302168509342494,BOBYQA,{'maxiter': 50},ibmq_qasm_simulator,1000.0,1000.0
./run_logs/ibm-sim/sim_bobyqa1000_p3_iter50_ibmq_qasm_simulator_2.0.1_1699912892.569392_0034.json,1699920984.380304,1699921299.878263,MWC160,MWC,15,True,315.4979588985443,76.16447280184849,BOBYQA,{'maxiter': 50},ibmq_qasm_simulator,1000.0,1000.0
./run_logs/ibm-sim/sim_bobyqa1000_p3_iter50_ibmq_qasm_simulator_2.0.1_1699912892.569392_0035.json,1699921299.909498,1699921651.219793,MWC161,MWC,15,True,351.31029510498047,149.86197406534023,BOBYQA,{'maxiter': 50},ibmq_qasm_simulator,1000.0,1000.0
./run_logs/ibm-sim/sim_bobyqa1000_p3_iter50_ibmq_qasm_simulator_2.0.1_1699912892.569392_0036.json,1699921651.235364,1699922041.892309,MWC162,MWC,15,True,390.6569449901581,211.42653947603156,BOBYQA,{'maxiter': 50},ibmq_qasm_simulator,1000.0,1000.0
./run_logs/ibm-sim/sim_bobyqa1000_p3_iter50_ibmq_qasm_simulator_2.0.1_1699912892.569392_0081.json,1699937393.025264,1699938779.522276,MWC163,MWC,25,True,1386.497011899948,101.2603546480656,BOBYQA,{'maxiter': 50},ibmq_qasm_simulator,1000.0,1000.0
./run_logs/ibm-sim/sim_bobyqa1000_p3_iter50_ibmq_qasm_simulator_2.0.1_1699912892.569392_0082.json,1699938779.553468,1699940347.178445,MWC164,MWC,25,True,1567.6249771118164,161.61388061822956,BOBYQA,{'maxiter': 50},ibmq_qasm_simulator,1000.0,1000.0
./run_logs/ibm-sim/sim_bobyqa1000_p3_iter50_ibmq_qasm_simulator_2.0.1_1699912892.569392_0083.json,1699940347.209656,1699942296.212534,MWC165,MWC,25,True,1949.0028779506683,440.4657314426928,BOBYQA,{'maxiter': 50},ibmq_qasm_simulator,1000.0,1000.0
./run_logs/ibm-sim/sim_bobyqa1000_p3_iter50_ibmq_qasm_simulator_2.0.1_1699912892.569392_0004.json,1699913432.91708,1699913695.917148,MWC2,MWC,5,True,263.0000681877136,30.93404982540803,BOBYQA,{'maxiter': 50},ibmq_qasm_simulator,1000.0,1000.0
./run_logs/ibm-sim/sim_bobyqa1000_p3_iter50_ibmq_qasm_simulator_2.0.1_1699912892.569392_0005.json,1699913695.932714,1699913965.542076,MWC235,MWC,5,True,269.6093621253968,13.01019223786892,BOBYQA,{'maxiter': 50},ibmq_qasm_simulator,1000.0,1000.0
./run_logs/ibm-sim/sim_bobyqa1000_p3_iter50_ibmq_qasm_simulator_2.0.1_1699912892.569392_0006.json,1699913965.542076,1699914236.127253,MWC236,MWC,5,True,270.58517694473267,12.625888422209464,BOBYQA,{'maxiter': 50},ibmq_qasm_simulator,1000.0,1000.0
./run_logs/ibm-sim/sim_bobyqa1000_p3_iter50_ibmq_qasm_simulator_2.0.1_1699912892.569392_0007.json,1699914236.142817,1699914563.852353,MWC237,MWC,5,True,327.70953607559204,34.02629711825045,BOBYQA,{'maxiter': 50},ibmq_qasm_simulator,1000.0,1000.0
./run_logs/ibm-sim/sim_bobyqa1000_p3_iter50_ibmq_qasm_simulator_2.0.1_1699912892.569392_0037.json,1699922041.923681,1699922358.174213,MWC238,MWC,15,True,316.25053191185,84.3084248525685,BOBYQA,{'maxiter': 50},ibmq_qasm_simulator,1000.0,1000.0
./run_logs/ibm-sim/sim_bobyqa1000_p3_iter50_ibmq_qasm_simulator_2.0.1_1699912892.569392_0038.json,1699922358.189955,1699922730.96501,MWC239,MWC,15,True,372.7750549316406,98.83698287740924,BOBYQA,{'maxiter': 50},ibmq_qasm_simulator,1000.0,1000.0
./run_logs/ibm-sim/sim_bobyqa1000_p3_iter50_ibmq_qasm_simulator_2.0.1_1699912892.569392_0039.json,1699922731.011876,1699923129.823854,MWC240,MWC,15,True,398.81197786331177,170.35742667839634,BOBYQA,{'maxiter': 50},ibmq_qasm_simulator,1000.0,1000.0
./run_logs/ibm-sim/sim_bobyqa1000_p3_iter50_ibmq_qasm_simulator_2.0.1_1699912892.569392_0084.json,1699942296.244804,1699943565.858168,MWC241,MWC,25,True,1269.613363981247,33.968191220108444,BOBYQA,{'maxiter': 50},ibmq_qasm_simulator,1000.0,1000.0
./run_logs/ibm-sim/sim_bobyqa1000_p3_iter50_ibmq_qasm_simulator_2.0.1_1699912892.569392_0085.json,1699943565.871474,1699945116.298304,MWC242,MWC,25,True,1550.4268300533297,120.78475128869025,BOBYQA,{'maxiter': 50},ibmq_qasm_simulator,1000.0,1000.0
./run_logs/ibm-sim/sim_bobyqa1000_p3_iter50_ibmq_qasm_simulator_2.0.1_1699912892.569392_0086.json,1699945116.313873,1699947101.788427,MWC243,MWC,25,True,1985.4745540618896,634.0213206479388,BOBYQA,{'maxiter': 50},ibmq_qasm_simulator,1000.0,1000.0
./run_logs/ibm-sim/sim_bobyqa1000_p3_iter50_ibmq_qasm_simulator_2.0.1_1699912892.569392_0008.json,1699914563.868023,1699914881.381196,MWC3,MWC,5,True,317.5131731033325,21.25537228510108,BOBYQA,{'maxiter': 50},ibmq_qasm_simulator,1000.0,1000.0
./run_logs/ibm-sim/sim_bobyqa1000_p3_iter50_ibmq_qasm_simulator_2.0.1_1699912892.569392_0009.json,1699914881.396749,1699915230.461772,MWC313,MWC,5,True,349.06502294540405,3.175365869134671,BOBYQA,{'maxiter': 50},ibmq_qasm_simulator,1000.0,1000.0
./run_logs/ibm-sim/sim_bobyqa1000_p3_ibmq_qasm_simulator_2.0.1_1698434478.602475_0010.json,1698441079.528865,1698441913.651819,MWC314,MWC,5,True,834.1229538917542,8.978402302924028,BOBYQA,{'maxiter': 150},ibmq_qasm_simulator,1000.0,1000.0
./run_logs/ibm-sim/sim_bobyqa1000_p3_ibmq_qasm_simulator_2.0.1_1698434478.602475_0011.json,1698441913.667447,1698442772.093719,MWC315,MWC,5,True,858.4262719154358,11.581070492622846,BOBYQA,{'maxiter': 150},ibmq_qasm_simulator,1000.0,1000.0
./run_logs/ibm-sim/sim_bobyqa1000_p3_iter50_ibmq_qasm_simulator_2.0.1_1699912892.569392_0040.json,1699923129.839426,1699923401.316835,MWC316,MWC,15,True,271.4774088859558,31.93963712642312,BOBYQA,{'maxiter': 50},ibmq_qasm_simulator,1000.0,1000.0
./run_logs/ibm-sim/sim_bobyqa1000_p3_iter50_ibmq_qasm_simulator_2.0.1_1699912892.569392_0041.json,1699923401.332408,1699923754.234266,MWC317,MWC,15,True,352.9018580913544,161.1192726860416,BOBYQA,{'maxiter': 50},ibmq_qasm_simulator,1000.0,1000.0
./run_logs/ibm-sim/sim_bobyqa1000_p3_iter50_ibmq_qasm_simulator_2.0.1_1699912892.569392_0042.json,1699923754.243815,1699924133.419707,MWC318,MWC,15,True,379.1758921146393,215.48824092981616,BOBYQA,{'maxiter': 50},ibmq_qasm_simulator,1000.0,1000.0
./run_logs/ibm-sim/sim_bobyqa1000_p3_iter50_ibmq_qasm_simulator_2.0.1_1699912892.569392_0087.json,1699947101.804026,1699948297.145214,MWC319,MWC,25,True,1195.3411881923676,219.32490691612543,BOBYQA,{'maxiter': 50},ibmq_qasm_simulator,1000.0,1000.0
./run_logs/ibm-sim/sim_bobyqa1000_p3_iter50_ibmq_qasm_simulator_2.0.1_1699912892.569392_0088.json,1699948297.176462,1699949819.65175,MWC320,MWC,25,True,1522.4752881526947,519.4896062051236,BOBYQA,{'maxiter': 50},ibmq_qasm_simulator,1000.0,1000.0
./run_logs/ibm-sim/sim_bobyqa1000_p3_iter50_ibmq_qasm_simulator_2.0.1_1699912892.569392_0089.json,1699949819.667516,1699951762.523773,MWC321,MWC,25,True,1942.8562569618225,717.3199139186894,BOBYQA,{'maxiter': 50},ibmq_qasm_simulator,1000.0,1000.0
./run_logs/ibm-sim/sim_bobyqa1000_p3_iter50_ibmq_qasm_simulator_2.0.1_1699912892.569392_0043.json,1699924133.435328,1699924478.267434,MWC4,MWC,15,True,344.83210587501526,77.46018243873176,BOBYQA,{'maxiter': 50},ibmq_qasm_simulator,1000.0,1000.0
./run_logs/ibm-sim/sim_bobyqa1000_p3_iter50_ibmq_qasm_simulator_2.0.1_1699912892.569392_0044.json,1699924478.283058,1699924845.246449,MWC5,MWC,15,True,366.96339106559753,91.01545000859736,BOBYQA,{'maxiter': 50},ibmq_qasm_simulator,1000.0,1000.0
./run_logs/ibm-sim/sim_bobyqa1000_p3_iter50_ibmq_qasm_simulator_2.0.1_1699912892.569392_0045.json,1699924845.262005,1699925222.925021,MWC6,MWC,15,True,377.66301584243774,156.3724167372077,BOBYQA,{'maxiter': 50},ibmq_qasm_simulator,1000.0,1000.0
./run_logs/ibm-sim/sim_bobyqa1000_p3_iter50_ibmq_qasm_simulator_2.0.1_1699912892.569392_0090.json,1699951762.539392,1699952822.17272,MWC7,MWC,25,True,1059.633327960968,213.5532708633701,BOBYQA,{'maxiter': 50},ibmq_qasm_simulator,1000.0,1000.0
./run_logs/ibm-sim/sim_bobyqa1000_p3_ibmq_qasm_simulator_2.0.1_1698434478.602475_0012.json,1698442772.12496,1698443545.360232,MWC79,MWC,5,True,773.2352721691132,7.290784074891937,BOBYQA,{'maxiter': 150},ibmq_qasm_simulator,1000.0,1000.0
./run_logs/ibm-sim/sim_bobyqa1000_p3_iter50_ibmq_qasm_simulator_2.0.1_1699912892.569392_0091.json,1699952822.200384,1699954251.496497,MWC8,MWC,25,True,1429.2961130142212,411.1689128914508,BOBYQA,{'maxiter': 50},ibmq_qasm_simulator,1000.0,1000.0
./run_logs/ibm-sim/sim_bobyqa1000_p3_ibmq_qasm_simulator_2.0.1_1698434478.602475_0013.json,1698443545.375856,1698444362.640968,MWC80,MWC,5,True,817.2651121616364,2.046531527500851,BOBYQA,{'maxiter': 150},ibmq_qasm_simulator,1000.0,1000.0
./run_logs/ibm-sim/sim_bobyqa1000_p3_ibmq_qasm_simulator_2.0.1_1698434478.602475_0014.json,1698444362.660118,1698445168.941261,MWC81,MWC,5,True,806.281142950058,24.21662842514682,BOBYQA,{'maxiter': 150},ibmq_qasm_simulator,1000.0,1000.0
./run_logs/ibm-sim/sim_bobyqa1000_p3_iter50_ibmq_qasm_simulator_2.0.1_1699912892.569392_0046.json,1699925222.940631,1699925515.788237,MWC82,MWC,15,True,292.8476061820984,11.991251228714145,BOBYQA,{'maxiter': 50},ibmq_qasm_simulator,1000.0,1000.0
./run_logs/ibm-sim/sim_bobyqa1000_p3_iter50_ibmq_qasm_simulator_2.0.1_1699912892.569392_0047.json,1699925515.819519,1699925837.197841,MWC83,MWC,15,True,321.3783218860626,49.76850743839651,BOBYQA,{'maxiter': 50},ibmq_qasm_simulator,1000.0,1000.0
./run_logs/ibm-sim/sim_bobyqa1000_p3_iter50_ibmq_qasm_simulator_2.0.1_1699912892.569392_0048.json,1699925837.213425,1699926215.735284,MWC84,MWC,15,True,378.5218591690064,197.11291621948084,BOBYQA,{'maxiter': 50},ibmq_qasm_simulator,1000.0,1000.0
./run_logs/ibm-sim/sim_bobyqa1000_p3_iter50_ibmq_qasm_simulator_2.0.1_1699912892.569392_0092.json,1699954251.512065,1699955306.120832,MWC85,MWC,25,True,1054.6087670326233,140.12657224815288,BOBYQA,{'maxiter': 50},ibmq_qasm_simulator,1000.0,1000.0
./run_logs/ibm-sim/sim_bobyqa1000_p3_ibmq_qasm_simulator_2.0.1_1698434478.602475_0090.json,1698569703.032458,1698574442.790244,MWC86,MWC,25,True,4739.757786035538,404.7960741309648,BOBYQA,{'maxiter': 150},ibmq_qasm_simulator,1000.0,1000.0
./run_logs/ibm-sim/sim_bobyqa1000_p3_ibmq_qasm_simulator_2.0.1_1698434478.602475_0091.json,1698574442.8215,1698580181.145833,MWC87,MWC,25,True,5738.324332952499,441.8300256113358,BOBYQA,{'maxiter': 150},ibmq_qasm_simulator,1000.0,1000.0
./run_logs/ibm-sim/sim_bobyqa1000_p3_ibmq_qasm_simulator_2.0.1_1698434478.602475_0092.json,1698580181.177164,1698586111.502504,MWC9,MWC,25,True,5930.3253400325775,279.3054493822062,BOBYQA,{'maxiter': 150},ibmq_qasm_simulator,1000.0,1000.0
./run_logs/ibm-sim/sim_bobyqa1000_p3_iter50_ibmq_qasm_simulator_2.0.1_1699912892.569392_0066.json,1699931427.014472,1699931793.164512,TSP1,TSP,16,True,366.1500399112701,23612.0,BOBYQA,{'maxiter': 50},ibmq_qasm_simulator,1000.0,1000.0
./run_logs/ibm-sim/sim_bobyqa1000_p3_iter50_ibmq_qasm_simulator_2.0.1_1699912892.569392_0067.json,1699931793.180101,1699932203.090348,TSP105,TSP,16,True,409.9102470874786,4639.0,BOBYQA,{'maxiter': 50},ibmq_qasm_simulator,1000.0,1000.0
./run_logs/ibm-sim/sim_bobyqa1000_p3_ibmq_qasm_simulator_2.0.1_1698434478.602475_0093.json,1698586111.533827,1698591123.1987,TSP106,TSP,25,True,5011.66487288475,3733.0,BOBYQA,{'maxiter': 150},ibmq_qasm_simulator,1000.0,1000.0
./run_logs/ibm-sim/sim_bobyqa1000_p3_iter50_ibmq_qasm_simulator_2.0.1_1699912892.569392_0068.json,1699932203.105907,1699932615.707366,TSP118,TSP,16,True,412.6014590263367,11174.0,BOBYQA,{'maxiter': 50},ibmq_qasm_simulator,1000.0,1000.0
./run_logs/ibm-sim/sim_bobyqa1000_p3_ibmq_qasm_simulator_2.0.1_1698434478.602475_0094.json,1698591123.229949,1698596321.095495,TSP119,TSP,25,True,5197.865545988083,10839.0,BOBYQA,{'maxiter': 150},ibmq_qasm_simulator,1000.0,1000.0
./run_logs/ibm-sim/sim_bobyqa1000_p3_iter50_ibmq_qasm_simulator_2.0.1_1699912892.569392_0069.json,1699932615.723003,1699933011.844218,TSP131,TSP,16,True,396.1212151050568,8514.0,BOBYQA,{'maxiter': 50},ibmq_qasm_simulator,1000.0,1000.0
./run_logs/ibm-sim/sim_bobyqa1000_p3_ibmq_qasm_simulator_2.0.1_1698434478.602475_0095.json,1698596321.126735,1698601354.875608,TSP132,TSP,25,True,5033.748872995377,9964.0,BOBYQA,{'maxiter': 150},ibmq_qasm_simulator,1000.0,1000.0
./run_logs/ibm-sim/sim_bobyqa1000_p3_iter50_ibmq_qasm_simulator_2.0.1_1699912892.569392_0070.json,1699933011.859821,1699933416.398134,TSP14,TSP,16,True,404.5383129119873,487.0,BOBYQA,{'maxiter': 50},ibmq_qasm_simulator,1000.0,1000.0
./run_logs/ibm-sim/sim_bobyqa1000_p3_iter50_ibmq_qasm_simulator_2.0.1_1699912892.569392_0071.json,1699933416.429351,1699933802.234857,TSP144,TSP,16,True,385.80550599098206,3989.0,BOBYQA,{'maxiter': 50},ibmq_qasm_simulator,1000.0,1000.0
./run_logs/ibm-sim/sim_bobyqa1000_p3_ibmq_qasm_simulator_2.0.1_1698434478.602475_0096.json,1698601354.906829,1698606484.224222,TSP145,TSP,25,True,5129.31739282608,4783.0,BOBYQA,{'maxiter': 150},ibmq_qasm_simulator,1000.0,1000.0
./run_logs/ibm-sim/sim_bobyqa1000_p3_iter50_ibmq_qasm_simulator_2.0.1_1699912892.569392_0100.json,1699956755.667499,1699958047.38422,TSP15,TSP,25,True,1291.7167208194733,810.0,BOBYQA,{'maxiter': 50},ibmq_qasm_simulator,1000.0,1000.0
./run_logs/ibm-sim/sim_bobyqa1000_p3_iter50_ibmq_qasm_simulator_2.0.1_1699912892.569392_0072.json,1699933802.250467,1699934164.434171,TSP157,TSP,16,True,362.18370389938354,5450.0,BOBYQA,{'maxiter': 50},ibmq_qasm_simulator,1000.0,1000.0
./run_logs/ibm-sim/sim_bobyqa1000_p3_iter50_ibmq_qasm_simulator_2.0.1_1699912892.569392_0101.json,1699958047.415439,1699959362.514097,TSP158,TSP,25,True,1315.0986580848694,8187.0,BOBYQA,{'maxiter': 50},ibmq_qasm_simulator,1000.0,1000.0
./run_logs/ibm-sim/sim_bobyqa1000_p3_iter50_ibmq_qasm_simulator_2.0.1_1699912892.569392_0073.json,1699934164.44978,1699934560.417272,TSP170,TSP,16,True,395.9674921035767,947.0,BOBYQA,{'maxiter': 50},ibmq_qasm_simulator,1000.0,1000.0
./run_logs/ibm-sim/sim_bobyqa1000_p3_ibmq_qasm_simulator_2.0.1_1698434478.602475_0099.json,1698617066.880956,1698622525.339268,TSP171,TSP,25,True,5458.458312034607,1590.0,BOBYQA,{'maxiter': 150},ibmq_qasm_simulator,1000.0,1000.0
./run_logs/ibm-sim/sim_bobyqa1000_p3_iter50_ibmq_qasm_simulator_2.0.1_1699912892.569392_0074.json,1699934560.432767,1699934928.512169,TSP183,TSP,16,True,368.07940196990967,154.0,BOBYQA,{'maxiter': 50},ibmq_qasm_simulator,1000.0,1000.0
./run_logs/ibm-sim/sim_bobyqa1000_p3_iter50_ibmq_qasm_simulator_2.0.1_1699912892.569392_0103.json,1699960657.060108,1699962355.285641,TSP184,TSP,25,True,1698.2255330085754,123.0,BOBYQA,{'maxiter': 50},ibmq_qasm_simulator,1000.0,1000.0
./run_logs/ibm-sim/sim_bobyqa1000_p3_iter50_ibmq_qasm_simulator_2.0.1_1699912892.569392_0075.json,1699934928.527879,1699935318.721545,TSP27,TSP,16,True,390.1936659812927,41632.0,BOBYQA,{'maxiter': 50},ibmq_qasm_simulator,1000.0,1000.0
./run_logs/ibm-sim/sim_bobyqa1000_p3_iter50_ibmq_qasm_simulator_2.0.1_1699912892.569392_0105.json,1699964117.477911,1699965974.47201,TSP28,TSP,25,True,1856.9940989017489,37133.0,BOBYQA,{'maxiter': 50},ibmq_qasm_simulator,1000.0,1000.0
./run_logs/ibm-sim/sim_bobyqa1000_p3_iter50_ibmq_qasm_simulator_2.0.1_1699912892.569392_0076.json,1699935318.737098,1699935718.815087,TSP40,TSP,16,True,400.0779891014099,4057.0,BOBYQA,{'maxiter': 50},ibmq_qasm_simulator,1000.0,1000.0
./run_logs/ibm-sim/sim_bobyqa1000_p3_iter50_ibmq_qasm_simulator_2.0.1_1699912892.569392_0106.json,1699965974.487618,1699967883.516582,TSP41,TSP,25,True,1909.028964042664,3817.0,BOBYQA,{'maxiter': 50},ibmq_qasm_simulator,1000.0,1000.0
./run_logs/ibm-sim/sim_bobyqa1000_p3_iter50_ibmq_qasm_simulator_2.0.1_1699912892.569392_0077.json,1699935718.830679,1699936116.432182,TSP53,TSP,16,True,397.6015031337738,285.0,BOBYQA,{'maxiter': 50},ibmq_qasm_simulator,1000.0,1000.0
./run_logs/ibm-sim/sim_bobyqa1000_p3_ibmq_qasm_simulator_2.0.1_1698434478.602475_0104.json,1698642836.774242,1698647664.190884,TSP54,TSP,25,True,4827.416642189026,217.0,BOBYQA,{'maxiter': 150},ibmq_qasm_simulator,1000.0,1000.0
./run_logs/ibm-sim/sim_bobyqa1000_p3_iter50_ibmq_qasm_simulator_2.0.1_1699912892.569392_0078.json,1699936116.447803,1699936568.166629,TSP66,TSP,16,True,451.71882605552673,636.0,BOBYQA,{'maxiter': 50},ibmq_qasm_simulator,1000.0,1000.0
./run_logs/ibm-sim/sim_bobyqa1000_p3_iter50_ibmq_qasm_simulator_2.0.1_1699912892.569392_0108.json,1699969910.919999,1699971840.531033,TSP67,TSP,25,True,1929.611034154892,779.0,BOBYQA,{'maxiter': 50},ibmq_qasm_simulator,1000.0,1000.0
./run_logs/ibm-sim/sim_bobyqa1000_p3_iter50_ibmq_qasm_simulator_2.0.1_1699912892.569392_0079.json,1699936568.197877,1699936959.325262,TSP79,TSP,16,True,391.1273851394653,5277.0,BOBYQA,{'maxiter': 50},ibmq_qasm_simulator,1000.0,1000.0
./run_logs/ibm-sim/sim_bobyqa1000_p3_iter50_ibmq_qasm_simulator_2.0.1_1699912892.569392_0109.json,1699971840.546767,1699973854.188355,TSP80,TSP,25,True,2013.641587972641,4903.0,BOBYQA,{'maxiter': 50},ibmq_qasm_simulator,1000.0,1000.0
./run_logs/ibm-sim/sim_bobyqa1000_p3_iter50_ibmq_qasm_simulator_2.0.1_1699912892.569392_0080.json,1699936959.35647,1699937392.99404,TSP92,TSP,16,True,433.6375699043274,5778.0,BOBYQA,{'maxiter': 50},ibmq_qasm_simulator,1000.0,1000.0
./run_logs/ibm-sim/sim_bobyqa1000_p3_ibmq_qasm_simulator_2.0.1_1698434478.602475_0107.json,1698657214.531527,1698662050.404783,TSP93,TSP,25,True,4835.873255968094,8773.0,BOBYQA,{'maxiter': 150},ibmq_qasm_simulator,1000.0,1000.0
./run_logs/ibm-sim/sim-bobyqa1000-150iter-udmisext_ibmq_qasm_simulator_2.0.2_1700860886.551061_0000.json,1700860886.551061,1700861752.032452,UDMIS001EXT,UDMIS,15,True,865.4813911914825,5.0,BOBYQA,{'maxiter': 150},ibmq_qasm_simulator,1000.0,1000.0
./run_logs/ibm-sim/sim-bobyqa1000-150iter-udmisext_ibmq_qasm_simulator_2.0.2_1700860886.551061_0001.json,1700861752.048091,1700862398.124773,UDMIS002EXT,UDMIS,15,True,646.0766820907593,5.0,BOBYQA,{'maxiter': 150},ibmq_qasm_simulator,1000.0,1000.0
./run_logs/ibm-sim/sim-bobyqa1000-150iter-udmisext_ibmq_qasm_simulator_2.0.2_1700860886.551061_0002.json,1700862398.156018,1700862979.289995,UDMIS003EXT,UDMIS,15,True,581.1339769363403,6.0,BOBYQA,{'maxiter': 150},ibmq_qasm_simulator,1000.0,1000.0
./run_logs/ibm-sim/sim-bobyqa1000-150iter-udmisext_ibmq_qasm_simulator_2.0.2_1700860886.551061_0009.json,1700866745.03038,1700868727.310637,UDMIS004EXT,UDMIS,25,True,1982.280256986618,7.0,BOBYQA,{'maxiter': 150},ibmq_qasm_simulator,1000.0,1000.0
./run_logs/ibm-sim/sim-bobyqa1000-150iter-udmisext_ibmq_qasm_simulator_2.0.2_1700860886.551061_0010.json,1700868727.373064,1700870967.479041,UDMIS005EXT,UDMIS,25,True,2240.10597705841,9.0,BOBYQA,{'maxiter': 150},ibmq_qasm_simulator,1000.0,1000.0
./run_logs/ibm-sim/sim-bobyqa1000-150iter-udmisext_ibmq_qasm_simulator_2.0.2_1700860886.551061_0011.json,1700870967.525958,1700872832.49983,UDMIS006EXT,UDMIS,25,True,1864.9738719463348,10.0,BOBYQA,{'maxiter': 150},ibmq_qasm_simulator,1000.0,1000.0
./run_logs/ibm-sim/sim-bobyqa1000-150iter-udmisext_ibmq_qasm_simulator_2.0.2_1700860886.551061_0018.json,1700887675.984505,1700938126.466117,UDMIS007EXT,UDMIS,30,True,50450.48161196709,10.0,BOBYQA,{'maxiter': 150},ibmq_qasm_simulator,1000.0,1000.0
./run_logs/ibm-sim/sim-bobyqa1000-150iter-udmisext_ibmq_qasm_simulator_2.0.2_1700860886.551061_0019.json,1700938126.510146,1700985902.48864,UDMIS008EXT,UDMIS,30,True,47775.97849416733,14.0,BOBYQA,{'maxiter': 150},ibmq_qasm_simulator,1000.0,1000.0
./run_logs/ibm-sim/sim-bobyqa1000-150iter-udmisext_ibmq_qasm_simulator_2.0.2_1700860886.551061_0020.json,1700985902.515067,1701032542.784146,UDMIS009EXT,UDMIS,30,True,46640.26907896996,12.0,BOBYQA,{'maxiter': 150},ibmq_qasm_simulator,1000.0,1000.0
./run_logs/ibm-sim/sim-bobyqa1000-150iter-udmisext_ibmq_qasm_simulator_2.0.2_1700860886.551061_0003.json,1700862979.321188,1700863613.40445,UDMIS037EXT,UDMIS,15,True,634.0832619667053,4.0,BOBYQA,{'maxiter': 150},ibmq_qasm_simulator,1000.0,1000.0
./run_logs/ibm-sim/sim-bobyqa1000-150iter-udmisext_ibmq_qasm_simulator_2.0.2_1700860886.551061_0004.json,1700863613.420036,1700864256.785148,UDMIS038EXT,UDMIS,15,True,643.3651118278503,4.0,BOBYQA,{'maxiter': 150},ibmq_qasm_simulator,1000.0,1000.0
./run_logs/ibm-sim/sim-bobyqa1000-150iter-udmisext_ibmq_qasm_simulator_2.0.2_1700860886.551061_0005.json,1700864256.81632,1700864861.872001,UDMIS039EXT,UDMIS,15,True,605.0556809902191,5.0,BOBYQA,{'maxiter': 150},ibmq_qasm_simulator,1000.0,1000.0
./run_logs/ibm-sim/sim-bobyqa1000-150iter-udmisext_ibmq_qasm_simulator_2.0.2_1700860886.551061_0012.json,1700872832.546628,1700875511.219377,UDMIS040EXT,UDMIS,25,True,2678.672749042511,7.0,BOBYQA,{'maxiter': 150},ibmq_qasm_simulator,1000.0,1000.0
./run_logs/ibm-sim/sim-bobyqa1000-150iter-udmisext_ibmq_qasm_simulator_2.0.2_1700860886.551061_0013.json,1700875511.250805,1700878067.269897,UDMIS041EXT,UDMIS,25,True,2556.0190920829773,5.0,BOBYQA,{'maxiter': 150},ibmq_qasm_simulator,1000.0,1000.0
./run_logs/ibm-sim/sim-bobyqa1000-150iter-udmisext_ibmq_qasm_simulator_2.0.2_1700860886.551061_0021.json,1701032542.815409,1701097488.63168,UDMIS043EXT,UDMIS,30,True,64945.816271066666,8.0,BOBYQA,{'maxiter': 150},ibmq_qasm_simulator,1000.0,1000.0
./run_logs/ibm-sim/sim-bobyqa1000-150iter-udmisext_ibmq_qasm_simulator_2.0.2_1700860886.551061_0006.json,1700864861.903234,1700865460.226981,UDMIS073EXT,UDMIS,15,True,598.323746919632,6.0,BOBYQA,{'maxiter': 150},ibmq_qasm_simulator,1000.0,1000.0
./run_logs/ibm-sim/sim-bobyqa1000-150iter-udmisext_ibmq_qasm_simulator_2.0.2_1700860886.551061_0007.json,1700865460.273782,1700866106.278909,UDMIS074EXT,UDMIS,15,True,646.005126953125,4.0,BOBYQA,{'maxiter': 150},ibmq_qasm_simulator,1000.0,1000.0
./run_logs/ibm-sim/sim-bobyqa1000-150iter-udmisext_ibmq_qasm_simulator_2.0.2_1700860886.551061_0008.json,1700866106.310089,1700866744.99919,UDMIS075EXT,UDMIS,15,True,638.6891009807587,4.0,BOBYQA,{'maxiter': 150},ibmq_qasm_simulator,1000.0,1000.0
./run_logs/ibm-sim/sim-bobyqa1000-150iter-udmisext_ibmq_qasm_simulator_2.0.2_1700860886.551061_0016.json,1700882472.59417,1700885093.598846,UDMIS077EXT,UDMIS,25,True,2621.0046758651733,5.0,BOBYQA,{'maxiter': 150},ibmq_qasm_simulator,1000.0,1000.0
./run_logs/ibm-sim/sim-bobyqa1000-150iter-udmisext_ibmq_qasm_simulator_2.0.2_1700860886.551061_0017.json,1700885093.630142,1700887675.953297,UDMIS078EXT,UDMIS,25,True,2582.3231549263,6.0,BOBYQA,{'maxiter': 150},ibmq_qasm_simulator,1000.0,1000.0
./run_logs/ibm-sim/sim-bobyqa1000-150iter-udmisext_ibmq_qasm_simulator_2.0.2_1700860886.551061_0025.json,1701101279.545274,1701161812.365946,UDMIS080EXT,UDMIS,30,True,60532.82067203522,9.0,BOBYQA,{'maxiter': 150},ibmq_qasm_simulator,1000.0,1000.0
./run_logs/ibm-sim/sim-bobyqa1000-150iter-udmisext_ibmq_qasm_simulator_2.0.2_1700860886.551061_0026.json,1701161812.412809,1701218917.053477,UDMIS081EXT,UDMIS,30,True,57104.64066815376,6.0,BOBYQA,{'maxiter': 150},ibmq_qasm_simulator,1000.0,1000.0
./run_logs/ibm-sim/sim_bobyqa1000_p3_iter50_ibmq_qasm_simulator_2.0.1_1699912892.569392_0033.json,1699920720.072673,1699920984.364718,UDMIS1TG,UDMIS,8,True,264.292044878006,3.0,BOBYQA,{'maxiter': 50},ibmq_qasm_simulator,1000.0,1000.0
./run_logs/ibm-sim/sim_bobyqa1000_p3_iter50_ibmq_qasm_simulator_2.0.1_1699912892.569392_0064.json,1699930853.772361,1699931156.68873,UDMIS2TG,UDMIS,15,True,302.91636896133423,7.0,BOBYQA,{'maxiter': 50},ibmq_qasm_simulator,1000.0,1000.0
./run_logs/ibm-sim/sim_bobyqa1000_p3_tg_ibmq_qasm_simulator_2.0.1_1698871363.954475_0003.json,1698874742.754347,1698879576.816611,UDMIS3TG,UDMIS,25,True,4834.062263965607,4.0,BOBYQA,{'maxiter': 150},ibmq_qasm_simulator,1000.0,1000.0
./run_logs/ibm-sim/sim_bobyqa1000_p3_iter50_ibmq_qasm_simulator_2.0.1_1699912892.569392_0065.json,1699931156.719929,1699931426.983201,UDMIS4TG,UDMIS,15,True,270.26327204704285,9.0,BOBYQA,{'maxiter': 50},ibmq_qasm_simulator,1000.0,1000.0
./run_logs/ibm-sim/sim_bobyqa1000_p3_tg_ibmq_qasm_simulator_2.0.1_1698871363.954475_0005.json,1698884122.80079,1698896642.365876,UDMIS7TG,UDMIS,30,True,12519.565085887907,18.0,BOBYQA,{'maxiter': 150},ibmq_qasm_simulator,1000.0,1000.0
./run_logs/ibm-sim/sim_bobyqa1000_p3_iter50_ibmq_qasm_simulator_2.0.1_1699912892.569392_0104.json,1699962355.301193,1699964117.446706,TSP2,TSP,25,True,1762.1455130577087,,BOBYQA,{'maxiter': 50},ibmq_qasm_simulator,1000.0,1000.0
./run_logs/ibm-sim/sim_bobyqa1000_p3_iter50_ibmq_qasm_simulator_2.0.1_1699912892.569392_0000.json,1699912892.569392,1699912892.616324,MWC1,MWC,5,False,0.0469319820404052,,,,,,
./run_logs/ibm-sim/sim-bobyqa1000-150iter-udmisext_ibmq_qasm_simulator_2.0.2_1700860886.551061_0014.json,1700878067.301135,1700880361.15595,UDMIS042EXT,UDMIS,25,False,2293.854815006256,,,,,,
./run_logs/ibm-sim/sim-bobyqa1000-150iter-udmisext_ibmq_qasm_simulator_2.0.2_1700860886.551061_0022.json,1701097488.662929,1701101234.670928,UDMIS044EXT,UDMIS,30,False,3746.007998943329,,,,,,
./run_logs/ibm-sim/sim-bobyqa1000-150iter-udmisext_ibmq_qasm_simulator_2.0.2_1700860886.551061_0023.json,1701101234.670928,1701101258.134497,UDMIS045EXT,UDMIS,30,False,23.463568925857544,,,,,,
./run_logs/ibm-sim/sim-bobyqa1000-150iter-udmisext_ibmq_qasm_simulator_2.0.2_1700860886.551061_0015.json,1700880361.15595,1700882472.578616,UDMIS076EXT,UDMIS,25,False,2111.422665834427,,,,,,
./run_logs/ibm-sim/sim-bobyqa1000-150iter-udmisext_ibmq_qasm_simulator_2.0.2_1700860886.551061_0024.json,1701101258.134497,1701101279.545274,UDMIS079EXT,UDMIS,30,False,21.41077709197998,,,,,,
./run_logs/ibm-sim/sim_bobyqa1000_p3_iter50_ibmq_qasm_simulator_2.0.1_1699912892.569392_0127.json,1699983665.268063,1699983805.763542,UDMIS5TG,UDMIS,30,False,140.4954788684845,,,,,,
